SVM
1
[ 82.4  82.9]
SVM
2
[ 79.2  82.9]
SVM
3
[ 63.8  85.5]
NBTF
1
[ 78.8  81.3]
NBTF
2
[ 88.7  76.2]
NBTF
3
[ 84.5  78.2]
SVMFF2
1
[ 88.1  88. ]
SVMFF2
2
[ 84.3  84.6]
SVMFF2
3
[ 76.5  74. ]
NB
1
[ 79.3  79.8]
NB
2
[ 88.9  74.8]
NB
3
[ 84.5  75.1]
SVMFF
1
[ 82.2  83.4]
SVMFF
2
[ 79.  83.]
SVMFF
3
[ 64.3  85. ]
NBFF2
1
[ 79.3  86.2]
NBFF2
2
[ 83.7  83.2]
NBFF2
3
[ 77.9  76.4]
NBFF
1
[ 79.2  82.2]
NBFF
2
[ 88.7  75.8]
NBFF
3
[ 82.4  78.4]
SVMTF
1
[ 82.5  82.9]
SVMTF
2
[ 79.5  82.7]
SVMTF
3
[ 65.6  85.5]
